{
 "cells": [
  {
   "cell_type": "code",
   "execution_count": 93,
   "metadata": {},
   "outputs": [],
   "source": [
    "import numpy as np\n",
    "import pandas as pd\n",
    "import seaborn as sns"
   ]
  },
  {
   "cell_type": "code",
   "execution_count": 94,
   "metadata": {},
   "outputs": [],
   "source": [
    "menResults2018=pd.read_csv('2018-Results-Men.csv', sep=',',header=0)\n",
    "menSpirit2018=pd.read_csv('2018-Spirit-Men.csv', sep=',',header=0)\n",
    "menSeed2018=pd.read_csv('2018-Seed-Men.csv', sep=',',header=0)\n",
    "menPoints2018=pd.read_csv('2018-Points-Men.csv', sep=',',header=0)\n",
    "\n",
    "mixedResults2018=pd.read_csv('2018-Results-Mixed.csv', sep=',',header=0)\n",
    "mixedSpirit2018=pd.read_csv('2018-Spirit-Mixed.csv', sep=',',header=0)\n",
    "mixedSeed2018=pd.read_csv('2018-Seed-Mixed.csv', sep=',',header=0)\n",
    "mixedPoints2018=pd.read_csv('2018-Points-Mixed.csv', sep=',',header=0)\n",
    "\n",
    "womenResults2018=pd.read_csv('2018-Results-Women.csv', sep=',',header=0)\n",
    "womenSpirit2018=pd.read_csv('2018-Spirit-Women.csv', sep=',',header=0)\n",
    "womenSeed2018=pd.read_csv('2018-Seed-Women.csv', sep=',',header=0)\n",
    "womenPoints2018=pd.read_csv('2018-Points-Women.csv', sep=',',header=0)"
   ]
  },
  {
   "cell_type": "code",
   "execution_count": 95,
   "metadata": {},
   "outputs": [],
   "source": [
    "men2018 = pd.merge(menResults2018, menSpirit2018, left_on = 'Team', right_on = 'Team')\n",
    "men2018 = pd.merge(men2018, menSeed2018, left_on = 'Team', right_on = 'Team')\n",
    "men2018['SeedMinusRank'] = men2018['Seed'] - men2018['Rank']\n",
    "men2018 = pd.merge(men2018, menPoints2018, left_on = 'Team', right_on = 'Team')\n",
    "\n",
    "mixed2018 = pd.merge(mixedResults2018, mixedSpirit2018, left_on = 'Team', right_on = 'Team')\n",
    "mixed2018 = pd.merge(mixed2018, mixedSeed2018, left_on = 'Team', right_on = 'Team')\n",
    "mixed2018['SeedMinusRank'] = mixed2018['Seed'] - mixed2018['Rank']\n",
    "mixed2018 = pd.merge(mixed2018, mixedPoints2018, left_on = 'Team', right_on = 'Team')\n",
    "\n",
    "women2018 = pd.merge(womenResults2018, womenSpirit2018, left_on = 'Team', right_on = 'Team')\n",
    "women2018 = pd.merge(women2018, womenSeed2018, left_on = 'Team', right_on = 'Team')\n",
    "women2018['SeedMinusRank'] = women2018['Seed'] - women2018['Rank']\n",
    "women2018 = pd.merge(women2018, womenPoints2018, left_on = 'Team', right_on = 'Team')"
   ]
  },
  {
   "cell_type": "code",
   "execution_count": 96,
   "metadata": {},
   "outputs": [],
   "source": [
    "all2018 = pd.concat([men2018, mixed2018, women2018])"
   ]
  },
  {
   "cell_type": "code",
   "execution_count": 97,
   "metadata": {},
   "outputs": [
    {
     "data": {
      "text/html": [
       "<div>\n",
       "<style scoped>\n",
       "    .dataframe tbody tr th:only-of-type {\n",
       "        vertical-align: middle;\n",
       "    }\n",
       "\n",
       "    .dataframe tbody tr th {\n",
       "        vertical-align: top;\n",
       "    }\n",
       "\n",
       "    .dataframe thead th {\n",
       "        text-align: right;\n",
       "    }\n",
       "</style>\n",
       "<table border=\"1\" class=\"dataframe\">\n",
       "  <thead>\n",
       "    <tr style=\"text-align: right;\">\n",
       "      <th></th>\n",
       "      <th>Rank</th>\n",
       "      <th>Total</th>\n",
       "      <th>Rules</th>\n",
       "      <th>Fouls</th>\n",
       "      <th>Fair</th>\n",
       "      <th>Attitude</th>\n",
       "      <th>Comm.</th>\n",
       "      <th>Seed</th>\n",
       "      <th>SeedMinusRank</th>\n",
       "      <th>PointDiffSum</th>\n",
       "      <th>PointDiffAverage</th>\n",
       "      <th>PointDiffAbsSum</th>\n",
       "    </tr>\n",
       "  </thead>\n",
       "  <tbody>\n",
       "    <tr>\n",
       "      <th>Rank</th>\n",
       "      <td>1.000000</td>\n",
       "      <td>0.329478</td>\n",
       "      <td>-0.140787</td>\n",
       "      <td>0.411846</td>\n",
       "      <td>0.290459</td>\n",
       "      <td>0.270040</td>\n",
       "      <td>0.265763</td>\n",
       "      <td>0.669713</td>\n",
       "      <td>-0.450888</td>\n",
       "      <td>-0.755780</td>\n",
       "      <td>-0.781022</td>\n",
       "      <td>0.292655</td>\n",
       "    </tr>\n",
       "    <tr>\n",
       "      <th>Total</th>\n",
       "      <td>0.329478</td>\n",
       "      <td>1.000000</td>\n",
       "      <td>0.570208</td>\n",
       "      <td>0.887798</td>\n",
       "      <td>0.789546</td>\n",
       "      <td>0.811763</td>\n",
       "      <td>0.600264</td>\n",
       "      <td>0.124441</td>\n",
       "      <td>-0.264202</td>\n",
       "      <td>-0.606874</td>\n",
       "      <td>-0.609148</td>\n",
       "      <td>0.336573</td>\n",
       "    </tr>\n",
       "    <tr>\n",
       "      <th>Rules</th>\n",
       "      <td>-0.140787</td>\n",
       "      <td>0.570208</td>\n",
       "      <td>1.000000</td>\n",
       "      <td>0.472454</td>\n",
       "      <td>0.406283</td>\n",
       "      <td>0.302499</td>\n",
       "      <td>0.051443</td>\n",
       "      <td>-0.284404</td>\n",
       "      <td>-0.165029</td>\n",
       "      <td>-0.093707</td>\n",
       "      <td>-0.057582</td>\n",
       "      <td>0.154504</td>\n",
       "    </tr>\n",
       "    <tr>\n",
       "      <th>Fouls</th>\n",
       "      <td>0.411846</td>\n",
       "      <td>0.887798</td>\n",
       "      <td>0.472454</td>\n",
       "      <td>1.000000</td>\n",
       "      <td>0.611020</td>\n",
       "      <td>0.646769</td>\n",
       "      <td>0.452679</td>\n",
       "      <td>0.321506</td>\n",
       "      <td>-0.130783</td>\n",
       "      <td>-0.579830</td>\n",
       "      <td>-0.601608</td>\n",
       "      <td>0.241247</td>\n",
       "    </tr>\n",
       "    <tr>\n",
       "      <th>Fair</th>\n",
       "      <td>0.290459</td>\n",
       "      <td>0.789546</td>\n",
       "      <td>0.406283</td>\n",
       "      <td>0.611020</td>\n",
       "      <td>1.000000</td>\n",
       "      <td>0.498458</td>\n",
       "      <td>0.362299</td>\n",
       "      <td>0.077574</td>\n",
       "      <td>-0.271532</td>\n",
       "      <td>-0.405265</td>\n",
       "      <td>-0.419123</td>\n",
       "      <td>0.405688</td>\n",
       "    </tr>\n",
       "    <tr>\n",
       "      <th>Attitude</th>\n",
       "      <td>0.270040</td>\n",
       "      <td>0.811763</td>\n",
       "      <td>0.302499</td>\n",
       "      <td>0.646769</td>\n",
       "      <td>0.498458</td>\n",
       "      <td>1.000000</td>\n",
       "      <td>0.440394</td>\n",
       "      <td>0.042378</td>\n",
       "      <td>-0.288191</td>\n",
       "      <td>-0.512412</td>\n",
       "      <td>-0.523537</td>\n",
       "      <td>0.222849</td>\n",
       "    </tr>\n",
       "    <tr>\n",
       "      <th>Comm.</th>\n",
       "      <td>0.265763</td>\n",
       "      <td>0.600264</td>\n",
       "      <td>0.051443</td>\n",
       "      <td>0.452679</td>\n",
       "      <td>0.362299</td>\n",
       "      <td>0.440394</td>\n",
       "      <td>1.000000</td>\n",
       "      <td>0.182441</td>\n",
       "      <td>-0.114473</td>\n",
       "      <td>-0.608985</td>\n",
       "      <td>-0.583251</td>\n",
       "      <td>0.216451</td>\n",
       "    </tr>\n",
       "    <tr>\n",
       "      <th>Seed</th>\n",
       "      <td>0.669713</td>\n",
       "      <td>0.124441</td>\n",
       "      <td>-0.284404</td>\n",
       "      <td>0.321506</td>\n",
       "      <td>0.077574</td>\n",
       "      <td>0.042378</td>\n",
       "      <td>0.182441</td>\n",
       "      <td>1.000000</td>\n",
       "      <td>0.360882</td>\n",
       "      <td>-0.605229</td>\n",
       "      <td>-0.642534</td>\n",
       "      <td>0.118049</td>\n",
       "    </tr>\n",
       "    <tr>\n",
       "      <th>SeedMinusRank</th>\n",
       "      <td>-0.450888</td>\n",
       "      <td>-0.264202</td>\n",
       "      <td>-0.165029</td>\n",
       "      <td>-0.130783</td>\n",
       "      <td>-0.271532</td>\n",
       "      <td>-0.288191</td>\n",
       "      <td>-0.114473</td>\n",
       "      <td>0.360882</td>\n",
       "      <td>1.000000</td>\n",
       "      <td>0.221693</td>\n",
       "      <td>0.208555</td>\n",
       "      <td>-0.225640</td>\n",
       "    </tr>\n",
       "    <tr>\n",
       "      <th>PointDiffSum</th>\n",
       "      <td>-0.755780</td>\n",
       "      <td>-0.606874</td>\n",
       "      <td>-0.093707</td>\n",
       "      <td>-0.579830</td>\n",
       "      <td>-0.405265</td>\n",
       "      <td>-0.512412</td>\n",
       "      <td>-0.608985</td>\n",
       "      <td>-0.605229</td>\n",
       "      <td>0.221693</td>\n",
       "      <td>1.000000</td>\n",
       "      <td>0.995158</td>\n",
       "      <td>-0.370945</td>\n",
       "    </tr>\n",
       "    <tr>\n",
       "      <th>PointDiffAverage</th>\n",
       "      <td>-0.781022</td>\n",
       "      <td>-0.609148</td>\n",
       "      <td>-0.057582</td>\n",
       "      <td>-0.601608</td>\n",
       "      <td>-0.419123</td>\n",
       "      <td>-0.523537</td>\n",
       "      <td>-0.583251</td>\n",
       "      <td>-0.642534</td>\n",
       "      <td>0.208555</td>\n",
       "      <td>0.995158</td>\n",
       "      <td>1.000000</td>\n",
       "      <td>-0.393911</td>\n",
       "    </tr>\n",
       "    <tr>\n",
       "      <th>PointDiffAbsSum</th>\n",
       "      <td>0.292655</td>\n",
       "      <td>0.336573</td>\n",
       "      <td>0.154504</td>\n",
       "      <td>0.241247</td>\n",
       "      <td>0.405688</td>\n",
       "      <td>0.222849</td>\n",
       "      <td>0.216451</td>\n",
       "      <td>0.118049</td>\n",
       "      <td>-0.225640</td>\n",
       "      <td>-0.370945</td>\n",
       "      <td>-0.393911</td>\n",
       "      <td>1.000000</td>\n",
       "    </tr>\n",
       "  </tbody>\n",
       "</table>\n",
       "</div>"
      ],
      "text/plain": [
       "                      Rank     Total     Rules     Fouls      Fair  Attitude  \\\n",
       "Rank              1.000000  0.329478 -0.140787  0.411846  0.290459  0.270040   \n",
       "Total             0.329478  1.000000  0.570208  0.887798  0.789546  0.811763   \n",
       "Rules            -0.140787  0.570208  1.000000  0.472454  0.406283  0.302499   \n",
       "Fouls             0.411846  0.887798  0.472454  1.000000  0.611020  0.646769   \n",
       "Fair              0.290459  0.789546  0.406283  0.611020  1.000000  0.498458   \n",
       "Attitude          0.270040  0.811763  0.302499  0.646769  0.498458  1.000000   \n",
       "Comm.             0.265763  0.600264  0.051443  0.452679  0.362299  0.440394   \n",
       "Seed              0.669713  0.124441 -0.284404  0.321506  0.077574  0.042378   \n",
       "SeedMinusRank    -0.450888 -0.264202 -0.165029 -0.130783 -0.271532 -0.288191   \n",
       "PointDiffSum     -0.755780 -0.606874 -0.093707 -0.579830 -0.405265 -0.512412   \n",
       "PointDiffAverage -0.781022 -0.609148 -0.057582 -0.601608 -0.419123 -0.523537   \n",
       "PointDiffAbsSum   0.292655  0.336573  0.154504  0.241247  0.405688  0.222849   \n",
       "\n",
       "                     Comm.      Seed  SeedMinusRank  PointDiffSum  \\\n",
       "Rank              0.265763  0.669713      -0.450888     -0.755780   \n",
       "Total             0.600264  0.124441      -0.264202     -0.606874   \n",
       "Rules             0.051443 -0.284404      -0.165029     -0.093707   \n",
       "Fouls             0.452679  0.321506      -0.130783     -0.579830   \n",
       "Fair              0.362299  0.077574      -0.271532     -0.405265   \n",
       "Attitude          0.440394  0.042378      -0.288191     -0.512412   \n",
       "Comm.             1.000000  0.182441      -0.114473     -0.608985   \n",
       "Seed              0.182441  1.000000       0.360882     -0.605229   \n",
       "SeedMinusRank    -0.114473  0.360882       1.000000      0.221693   \n",
       "PointDiffSum     -0.608985 -0.605229       0.221693      1.000000   \n",
       "PointDiffAverage -0.583251 -0.642534       0.208555      0.995158   \n",
       "PointDiffAbsSum   0.216451  0.118049      -0.225640     -0.370945   \n",
       "\n",
       "                  PointDiffAverage  PointDiffAbsSum  \n",
       "Rank                     -0.781022         0.292655  \n",
       "Total                    -0.609148         0.336573  \n",
       "Rules                    -0.057582         0.154504  \n",
       "Fouls                    -0.601608         0.241247  \n",
       "Fair                     -0.419123         0.405688  \n",
       "Attitude                 -0.523537         0.222849  \n",
       "Comm.                    -0.583251         0.216451  \n",
       "Seed                     -0.642534         0.118049  \n",
       "SeedMinusRank             0.208555        -0.225640  \n",
       "PointDiffSum              0.995158        -0.370945  \n",
       "PointDiffAverage          1.000000        -0.393911  \n",
       "PointDiffAbsSum          -0.393911         1.000000  "
      ]
     },
     "execution_count": 97,
     "metadata": {},
     "output_type": "execute_result"
    }
   ],
   "source": [
    "men2018.corr()"
   ]
  },
  {
   "cell_type": "code",
   "execution_count": 98,
   "metadata": {},
   "outputs": [
    {
     "data": {
      "text/html": [
       "<div>\n",
       "<style scoped>\n",
       "    .dataframe tbody tr th:only-of-type {\n",
       "        vertical-align: middle;\n",
       "    }\n",
       "\n",
       "    .dataframe tbody tr th {\n",
       "        vertical-align: top;\n",
       "    }\n",
       "\n",
       "    .dataframe thead th {\n",
       "        text-align: right;\n",
       "    }\n",
       "</style>\n",
       "<table border=\"1\" class=\"dataframe\">\n",
       "  <thead>\n",
       "    <tr style=\"text-align: right;\">\n",
       "      <th></th>\n",
       "      <th>Rank</th>\n",
       "      <th>Total</th>\n",
       "      <th>Rules</th>\n",
       "      <th>Fouls</th>\n",
       "      <th>Fair</th>\n",
       "      <th>Attitude</th>\n",
       "      <th>Comm.</th>\n",
       "      <th>Seed</th>\n",
       "      <th>SeedMinusRank</th>\n",
       "      <th>PointDiffSum</th>\n",
       "      <th>PointDiffAverage</th>\n",
       "      <th>PointDiffAbsSum</th>\n",
       "    </tr>\n",
       "  </thead>\n",
       "  <tbody>\n",
       "    <tr>\n",
       "      <th>Rank</th>\n",
       "      <td>1.000000</td>\n",
       "      <td>0.359545</td>\n",
       "      <td>-0.014382</td>\n",
       "      <td>0.281765</td>\n",
       "      <td>0.448677</td>\n",
       "      <td>0.399677</td>\n",
       "      <td>0.318015</td>\n",
       "      <td>0.807981</td>\n",
       "      <td>-0.329751</td>\n",
       "      <td>-0.762335</td>\n",
       "      <td>-0.780493</td>\n",
       "      <td>0.237516</td>\n",
       "    </tr>\n",
       "    <tr>\n",
       "      <th>Total</th>\n",
       "      <td>0.359545</td>\n",
       "      <td>1.000000</td>\n",
       "      <td>0.624037</td>\n",
       "      <td>0.925055</td>\n",
       "      <td>0.844246</td>\n",
       "      <td>0.787889</td>\n",
       "      <td>0.884597</td>\n",
       "      <td>0.030870</td>\n",
       "      <td>-0.534564</td>\n",
       "      <td>-0.189530</td>\n",
       "      <td>-0.240786</td>\n",
       "      <td>0.542964</td>\n",
       "    </tr>\n",
       "    <tr>\n",
       "      <th>Rules</th>\n",
       "      <td>-0.014382</td>\n",
       "      <td>0.624037</td>\n",
       "      <td>1.000000</td>\n",
       "      <td>0.483839</td>\n",
       "      <td>0.412302</td>\n",
       "      <td>0.237980</td>\n",
       "      <td>0.520540</td>\n",
       "      <td>-0.269810</td>\n",
       "      <td>-0.408945</td>\n",
       "      <td>-0.080660</td>\n",
       "      <td>-0.099722</td>\n",
       "      <td>0.145034</td>\n",
       "    </tr>\n",
       "    <tr>\n",
       "      <th>Fouls</th>\n",
       "      <td>0.281765</td>\n",
       "      <td>0.925055</td>\n",
       "      <td>0.483839</td>\n",
       "      <td>1.000000</td>\n",
       "      <td>0.713026</td>\n",
       "      <td>0.835349</td>\n",
       "      <td>0.716146</td>\n",
       "      <td>-0.067882</td>\n",
       "      <td>-0.566449</td>\n",
       "      <td>-0.082228</td>\n",
       "      <td>-0.121430</td>\n",
       "      <td>0.614543</td>\n",
       "    </tr>\n",
       "    <tr>\n",
       "      <th>Fair</th>\n",
       "      <td>0.448677</td>\n",
       "      <td>0.844246</td>\n",
       "      <td>0.412302</td>\n",
       "      <td>0.713026</td>\n",
       "      <td>1.000000</td>\n",
       "      <td>0.542951</td>\n",
       "      <td>0.732645</td>\n",
       "      <td>0.329002</td>\n",
       "      <td>-0.201660</td>\n",
       "      <td>-0.383632</td>\n",
       "      <td>-0.421499</td>\n",
       "      <td>0.475204</td>\n",
       "    </tr>\n",
       "    <tr>\n",
       "      <th>Attitude</th>\n",
       "      <td>0.399677</td>\n",
       "      <td>0.787889</td>\n",
       "      <td>0.237980</td>\n",
       "      <td>0.835349</td>\n",
       "      <td>0.542951</td>\n",
       "      <td>1.000000</td>\n",
       "      <td>0.588304</td>\n",
       "      <td>0.117315</td>\n",
       "      <td>-0.461245</td>\n",
       "      <td>-0.141569</td>\n",
       "      <td>-0.183867</td>\n",
       "      <td>0.601186</td>\n",
       "    </tr>\n",
       "    <tr>\n",
       "      <th>Comm.</th>\n",
       "      <td>0.318015</td>\n",
       "      <td>0.884597</td>\n",
       "      <td>0.520540</td>\n",
       "      <td>0.716146</td>\n",
       "      <td>0.732645</td>\n",
       "      <td>0.588304</td>\n",
       "      <td>1.000000</td>\n",
       "      <td>-0.019063</td>\n",
       "      <td>-0.547111</td>\n",
       "      <td>-0.095910</td>\n",
       "      <td>-0.161909</td>\n",
       "      <td>0.354928</td>\n",
       "    </tr>\n",
       "    <tr>\n",
       "      <th>Seed</th>\n",
       "      <td>0.807981</td>\n",
       "      <td>0.030870</td>\n",
       "      <td>-0.269810</td>\n",
       "      <td>-0.067882</td>\n",
       "      <td>0.329002</td>\n",
       "      <td>0.117315</td>\n",
       "      <td>-0.019063</td>\n",
       "      <td>1.000000</td>\n",
       "      <td>0.289821</td>\n",
       "      <td>-0.822754</td>\n",
       "      <td>-0.818988</td>\n",
       "      <td>0.180391</td>\n",
       "    </tr>\n",
       "    <tr>\n",
       "      <th>SeedMinusRank</th>\n",
       "      <td>-0.329751</td>\n",
       "      <td>-0.534564</td>\n",
       "      <td>-0.408945</td>\n",
       "      <td>-0.566449</td>\n",
       "      <td>-0.201660</td>\n",
       "      <td>-0.461245</td>\n",
       "      <td>-0.547111</td>\n",
       "      <td>0.289821</td>\n",
       "      <td>1.000000</td>\n",
       "      <td>-0.079971</td>\n",
       "      <td>-0.044442</td>\n",
       "      <td>-0.096775</td>\n",
       "    </tr>\n",
       "    <tr>\n",
       "      <th>PointDiffSum</th>\n",
       "      <td>-0.762335</td>\n",
       "      <td>-0.189530</td>\n",
       "      <td>-0.080660</td>\n",
       "      <td>-0.082228</td>\n",
       "      <td>-0.383632</td>\n",
       "      <td>-0.141569</td>\n",
       "      <td>-0.095910</td>\n",
       "      <td>-0.822754</td>\n",
       "      <td>-0.079971</td>\n",
       "      <td>1.000000</td>\n",
       "      <td>0.995034</td>\n",
       "      <td>-0.361011</td>\n",
       "    </tr>\n",
       "    <tr>\n",
       "      <th>PointDiffAverage</th>\n",
       "      <td>-0.780493</td>\n",
       "      <td>-0.240786</td>\n",
       "      <td>-0.099722</td>\n",
       "      <td>-0.121430</td>\n",
       "      <td>-0.421499</td>\n",
       "      <td>-0.183867</td>\n",
       "      <td>-0.161909</td>\n",
       "      <td>-0.818988</td>\n",
       "      <td>-0.044442</td>\n",
       "      <td>0.995034</td>\n",
       "      <td>1.000000</td>\n",
       "      <td>-0.415644</td>\n",
       "    </tr>\n",
       "    <tr>\n",
       "      <th>PointDiffAbsSum</th>\n",
       "      <td>0.237516</td>\n",
       "      <td>0.542964</td>\n",
       "      <td>0.145034</td>\n",
       "      <td>0.614543</td>\n",
       "      <td>0.475204</td>\n",
       "      <td>0.601186</td>\n",
       "      <td>0.354928</td>\n",
       "      <td>0.180391</td>\n",
       "      <td>-0.096775</td>\n",
       "      <td>-0.361011</td>\n",
       "      <td>-0.415644</td>\n",
       "      <td>1.000000</td>\n",
       "    </tr>\n",
       "  </tbody>\n",
       "</table>\n",
       "</div>"
      ],
      "text/plain": [
       "                      Rank     Total     Rules     Fouls      Fair  Attitude  \\\n",
       "Rank              1.000000  0.359545 -0.014382  0.281765  0.448677  0.399677   \n",
       "Total             0.359545  1.000000  0.624037  0.925055  0.844246  0.787889   \n",
       "Rules            -0.014382  0.624037  1.000000  0.483839  0.412302  0.237980   \n",
       "Fouls             0.281765  0.925055  0.483839  1.000000  0.713026  0.835349   \n",
       "Fair              0.448677  0.844246  0.412302  0.713026  1.000000  0.542951   \n",
       "Attitude          0.399677  0.787889  0.237980  0.835349  0.542951  1.000000   \n",
       "Comm.             0.318015  0.884597  0.520540  0.716146  0.732645  0.588304   \n",
       "Seed              0.807981  0.030870 -0.269810 -0.067882  0.329002  0.117315   \n",
       "SeedMinusRank    -0.329751 -0.534564 -0.408945 -0.566449 -0.201660 -0.461245   \n",
       "PointDiffSum     -0.762335 -0.189530 -0.080660 -0.082228 -0.383632 -0.141569   \n",
       "PointDiffAverage -0.780493 -0.240786 -0.099722 -0.121430 -0.421499 -0.183867   \n",
       "PointDiffAbsSum   0.237516  0.542964  0.145034  0.614543  0.475204  0.601186   \n",
       "\n",
       "                     Comm.      Seed  SeedMinusRank  PointDiffSum  \\\n",
       "Rank              0.318015  0.807981      -0.329751     -0.762335   \n",
       "Total             0.884597  0.030870      -0.534564     -0.189530   \n",
       "Rules             0.520540 -0.269810      -0.408945     -0.080660   \n",
       "Fouls             0.716146 -0.067882      -0.566449     -0.082228   \n",
       "Fair              0.732645  0.329002      -0.201660     -0.383632   \n",
       "Attitude          0.588304  0.117315      -0.461245     -0.141569   \n",
       "Comm.             1.000000 -0.019063      -0.547111     -0.095910   \n",
       "Seed             -0.019063  1.000000       0.289821     -0.822754   \n",
       "SeedMinusRank    -0.547111  0.289821       1.000000     -0.079971   \n",
       "PointDiffSum     -0.095910 -0.822754      -0.079971      1.000000   \n",
       "PointDiffAverage -0.161909 -0.818988      -0.044442      0.995034   \n",
       "PointDiffAbsSum   0.354928  0.180391      -0.096775     -0.361011   \n",
       "\n",
       "                  PointDiffAverage  PointDiffAbsSum  \n",
       "Rank                     -0.780493         0.237516  \n",
       "Total                    -0.240786         0.542964  \n",
       "Rules                    -0.099722         0.145034  \n",
       "Fouls                    -0.121430         0.614543  \n",
       "Fair                     -0.421499         0.475204  \n",
       "Attitude                 -0.183867         0.601186  \n",
       "Comm.                    -0.161909         0.354928  \n",
       "Seed                     -0.818988         0.180391  \n",
       "SeedMinusRank            -0.044442        -0.096775  \n",
       "PointDiffSum              0.995034        -0.361011  \n",
       "PointDiffAverage          1.000000        -0.415644  \n",
       "PointDiffAbsSum          -0.415644         1.000000  "
      ]
     },
     "execution_count": 98,
     "metadata": {},
     "output_type": "execute_result"
    }
   ],
   "source": [
    "mixed2018.corr()"
   ]
  },
  {
   "cell_type": "code",
   "execution_count": 99,
   "metadata": {},
   "outputs": [
    {
     "data": {
      "text/html": [
       "<div>\n",
       "<style scoped>\n",
       "    .dataframe tbody tr th:only-of-type {\n",
       "        vertical-align: middle;\n",
       "    }\n",
       "\n",
       "    .dataframe tbody tr th {\n",
       "        vertical-align: top;\n",
       "    }\n",
       "\n",
       "    .dataframe thead th {\n",
       "        text-align: right;\n",
       "    }\n",
       "</style>\n",
       "<table border=\"1\" class=\"dataframe\">\n",
       "  <thead>\n",
       "    <tr style=\"text-align: right;\">\n",
       "      <th></th>\n",
       "      <th>Rank</th>\n",
       "      <th>Total</th>\n",
       "      <th>Rules</th>\n",
       "      <th>Fouls</th>\n",
       "      <th>Fair</th>\n",
       "      <th>Attitude</th>\n",
       "      <th>Comm.</th>\n",
       "      <th>Seed</th>\n",
       "      <th>SeedMinusRank</th>\n",
       "      <th>PointDiffSum</th>\n",
       "      <th>PointDiffAverage</th>\n",
       "      <th>PointDiffAbsSum</th>\n",
       "    </tr>\n",
       "  </thead>\n",
       "  <tbody>\n",
       "    <tr>\n",
       "      <th>Rank</th>\n",
       "      <td>1.000000</td>\n",
       "      <td>0.107131</td>\n",
       "      <td>0.157449</td>\n",
       "      <td>0.268519</td>\n",
       "      <td>-0.001947</td>\n",
       "      <td>-0.010013</td>\n",
       "      <td>-0.006640</td>\n",
       "      <td>0.787672</td>\n",
       "      <td>-0.344537</td>\n",
       "      <td>-0.889501</td>\n",
       "      <td>-0.894470</td>\n",
       "      <td>0.075402</td>\n",
       "    </tr>\n",
       "    <tr>\n",
       "      <th>Total</th>\n",
       "      <td>0.107131</td>\n",
       "      <td>1.000000</td>\n",
       "      <td>0.622692</td>\n",
       "      <td>0.148007</td>\n",
       "      <td>0.655174</td>\n",
       "      <td>0.886808</td>\n",
       "      <td>0.509224</td>\n",
       "      <td>0.167131</td>\n",
       "      <td>0.089175</td>\n",
       "      <td>-0.206428</td>\n",
       "      <td>-0.218507</td>\n",
       "      <td>0.503036</td>\n",
       "    </tr>\n",
       "    <tr>\n",
       "      <th>Rules</th>\n",
       "      <td>0.157449</td>\n",
       "      <td>0.622692</td>\n",
       "      <td>1.000000</td>\n",
       "      <td>0.018235</td>\n",
       "      <td>0.496687</td>\n",
       "      <td>0.396352</td>\n",
       "      <td>0.127041</td>\n",
       "      <td>-0.160774</td>\n",
       "      <td>-0.488198</td>\n",
       "      <td>0.055758</td>\n",
       "      <td>0.018762</td>\n",
       "      <td>0.417542</td>\n",
       "    </tr>\n",
       "    <tr>\n",
       "      <th>Fouls</th>\n",
       "      <td>0.268519</td>\n",
       "      <td>0.148007</td>\n",
       "      <td>0.018235</td>\n",
       "      <td>1.000000</td>\n",
       "      <td>-0.037399</td>\n",
       "      <td>0.071700</td>\n",
       "      <td>-0.437498</td>\n",
       "      <td>-0.060810</td>\n",
       "      <td>-0.507454</td>\n",
       "      <td>-0.141921</td>\n",
       "      <td>-0.121334</td>\n",
       "      <td>0.147461</td>\n",
       "    </tr>\n",
       "    <tr>\n",
       "      <th>Fair</th>\n",
       "      <td>-0.001947</td>\n",
       "      <td>0.655174</td>\n",
       "      <td>0.496687</td>\n",
       "      <td>-0.037399</td>\n",
       "      <td>1.000000</td>\n",
       "      <td>0.435853</td>\n",
       "      <td>0.004645</td>\n",
       "      <td>0.094767</td>\n",
       "      <td>0.147409</td>\n",
       "      <td>-0.035407</td>\n",
       "      <td>-0.053765</td>\n",
       "      <td>0.541245</td>\n",
       "    </tr>\n",
       "    <tr>\n",
       "      <th>Attitude</th>\n",
       "      <td>-0.010013</td>\n",
       "      <td>0.886808</td>\n",
       "      <td>0.396352</td>\n",
       "      <td>0.071700</td>\n",
       "      <td>0.435853</td>\n",
       "      <td>1.000000</td>\n",
       "      <td>0.499721</td>\n",
       "      <td>0.146076</td>\n",
       "      <td>0.238051</td>\n",
       "      <td>-0.209790</td>\n",
       "      <td>-0.207144</td>\n",
       "      <td>0.356340</td>\n",
       "    </tr>\n",
       "    <tr>\n",
       "      <th>Comm.</th>\n",
       "      <td>-0.006640</td>\n",
       "      <td>0.509224</td>\n",
       "      <td>0.127041</td>\n",
       "      <td>-0.437498</td>\n",
       "      <td>0.004645</td>\n",
       "      <td>0.499721</td>\n",
       "      <td>1.000000</td>\n",
       "      <td>0.304517</td>\n",
       "      <td>0.474264</td>\n",
       "      <td>-0.186809</td>\n",
       "      <td>-0.198124</td>\n",
       "      <td>0.036844</td>\n",
       "    </tr>\n",
       "    <tr>\n",
       "      <th>Seed</th>\n",
       "      <td>0.787672</td>\n",
       "      <td>0.167131</td>\n",
       "      <td>-0.160774</td>\n",
       "      <td>-0.060810</td>\n",
       "      <td>0.094767</td>\n",
       "      <td>0.146076</td>\n",
       "      <td>0.304517</td>\n",
       "      <td>1.000000</td>\n",
       "      <td>0.306991</td>\n",
       "      <td>-0.908335</td>\n",
       "      <td>-0.911565</td>\n",
       "      <td>0.026767</td>\n",
       "    </tr>\n",
       "    <tr>\n",
       "      <th>SeedMinusRank</th>\n",
       "      <td>-0.344537</td>\n",
       "      <td>0.089175</td>\n",
       "      <td>-0.488198</td>\n",
       "      <td>-0.507454</td>\n",
       "      <td>0.147409</td>\n",
       "      <td>0.238051</td>\n",
       "      <td>0.474264</td>\n",
       "      <td>0.306991</td>\n",
       "      <td>1.000000</td>\n",
       "      <td>-0.010016</td>\n",
       "      <td>-0.007263</td>\n",
       "      <td>-0.075690</td>\n",
       "    </tr>\n",
       "    <tr>\n",
       "      <th>PointDiffSum</th>\n",
       "      <td>-0.889501</td>\n",
       "      <td>-0.206428</td>\n",
       "      <td>0.055758</td>\n",
       "      <td>-0.141921</td>\n",
       "      <td>-0.035407</td>\n",
       "      <td>-0.209790</td>\n",
       "      <td>-0.186809</td>\n",
       "      <td>-0.908335</td>\n",
       "      <td>-0.010016</td>\n",
       "      <td>1.000000</td>\n",
       "      <td>0.995450</td>\n",
       "      <td>-0.070283</td>\n",
       "    </tr>\n",
       "    <tr>\n",
       "      <th>PointDiffAverage</th>\n",
       "      <td>-0.894470</td>\n",
       "      <td>-0.218507</td>\n",
       "      <td>0.018762</td>\n",
       "      <td>-0.121334</td>\n",
       "      <td>-0.053765</td>\n",
       "      <td>-0.207144</td>\n",
       "      <td>-0.198124</td>\n",
       "      <td>-0.911565</td>\n",
       "      <td>-0.007263</td>\n",
       "      <td>0.995450</td>\n",
       "      <td>1.000000</td>\n",
       "      <td>-0.061161</td>\n",
       "    </tr>\n",
       "    <tr>\n",
       "      <th>PointDiffAbsSum</th>\n",
       "      <td>0.075402</td>\n",
       "      <td>0.503036</td>\n",
       "      <td>0.417542</td>\n",
       "      <td>0.147461</td>\n",
       "      <td>0.541245</td>\n",
       "      <td>0.356340</td>\n",
       "      <td>0.036844</td>\n",
       "      <td>0.026767</td>\n",
       "      <td>-0.075690</td>\n",
       "      <td>-0.070283</td>\n",
       "      <td>-0.061161</td>\n",
       "      <td>1.000000</td>\n",
       "    </tr>\n",
       "  </tbody>\n",
       "</table>\n",
       "</div>"
      ],
      "text/plain": [
       "                      Rank     Total     Rules     Fouls      Fair  Attitude  \\\n",
       "Rank              1.000000  0.107131  0.157449  0.268519 -0.001947 -0.010013   \n",
       "Total             0.107131  1.000000  0.622692  0.148007  0.655174  0.886808   \n",
       "Rules             0.157449  0.622692  1.000000  0.018235  0.496687  0.396352   \n",
       "Fouls             0.268519  0.148007  0.018235  1.000000 -0.037399  0.071700   \n",
       "Fair             -0.001947  0.655174  0.496687 -0.037399  1.000000  0.435853   \n",
       "Attitude         -0.010013  0.886808  0.396352  0.071700  0.435853  1.000000   \n",
       "Comm.            -0.006640  0.509224  0.127041 -0.437498  0.004645  0.499721   \n",
       "Seed              0.787672  0.167131 -0.160774 -0.060810  0.094767  0.146076   \n",
       "SeedMinusRank    -0.344537  0.089175 -0.488198 -0.507454  0.147409  0.238051   \n",
       "PointDiffSum     -0.889501 -0.206428  0.055758 -0.141921 -0.035407 -0.209790   \n",
       "PointDiffAverage -0.894470 -0.218507  0.018762 -0.121334 -0.053765 -0.207144   \n",
       "PointDiffAbsSum   0.075402  0.503036  0.417542  0.147461  0.541245  0.356340   \n",
       "\n",
       "                     Comm.      Seed  SeedMinusRank  PointDiffSum  \\\n",
       "Rank             -0.006640  0.787672      -0.344537     -0.889501   \n",
       "Total             0.509224  0.167131       0.089175     -0.206428   \n",
       "Rules             0.127041 -0.160774      -0.488198      0.055758   \n",
       "Fouls            -0.437498 -0.060810      -0.507454     -0.141921   \n",
       "Fair              0.004645  0.094767       0.147409     -0.035407   \n",
       "Attitude          0.499721  0.146076       0.238051     -0.209790   \n",
       "Comm.             1.000000  0.304517       0.474264     -0.186809   \n",
       "Seed              0.304517  1.000000       0.306991     -0.908335   \n",
       "SeedMinusRank     0.474264  0.306991       1.000000     -0.010016   \n",
       "PointDiffSum     -0.186809 -0.908335      -0.010016      1.000000   \n",
       "PointDiffAverage -0.198124 -0.911565      -0.007263      0.995450   \n",
       "PointDiffAbsSum   0.036844  0.026767      -0.075690     -0.070283   \n",
       "\n",
       "                  PointDiffAverage  PointDiffAbsSum  \n",
       "Rank                     -0.894470         0.075402  \n",
       "Total                    -0.218507         0.503036  \n",
       "Rules                     0.018762         0.417542  \n",
       "Fouls                    -0.121334         0.147461  \n",
       "Fair                     -0.053765         0.541245  \n",
       "Attitude                 -0.207144         0.356340  \n",
       "Comm.                    -0.198124         0.036844  \n",
       "Seed                     -0.911565         0.026767  \n",
       "SeedMinusRank            -0.007263        -0.075690  \n",
       "PointDiffSum              0.995450        -0.070283  \n",
       "PointDiffAverage          1.000000        -0.061161  \n",
       "PointDiffAbsSum          -0.061161         1.000000  "
      ]
     },
     "execution_count": 99,
     "metadata": {},
     "output_type": "execute_result"
    }
   ],
   "source": [
    "women2018.corr()"
   ]
  },
  {
   "cell_type": "code",
   "execution_count": 100,
   "metadata": {},
   "outputs": [
    {
     "data": {
      "text/html": [
       "<div>\n",
       "<style scoped>\n",
       "    .dataframe tbody tr th:only-of-type {\n",
       "        vertical-align: middle;\n",
       "    }\n",
       "\n",
       "    .dataframe tbody tr th {\n",
       "        vertical-align: top;\n",
       "    }\n",
       "\n",
       "    .dataframe thead th {\n",
       "        text-align: right;\n",
       "    }\n",
       "</style>\n",
       "<table border=\"1\" class=\"dataframe\">\n",
       "  <thead>\n",
       "    <tr style=\"text-align: right;\">\n",
       "      <th></th>\n",
       "      <th>Rank</th>\n",
       "      <th>Total</th>\n",
       "      <th>Rules</th>\n",
       "      <th>Fouls</th>\n",
       "      <th>Fair</th>\n",
       "      <th>Attitude</th>\n",
       "      <th>Comm.</th>\n",
       "      <th>Seed</th>\n",
       "      <th>SeedMinusRank</th>\n",
       "      <th>PointDiffSum</th>\n",
       "      <th>PointDiffAverage</th>\n",
       "      <th>PointDiffAbsSum</th>\n",
       "    </tr>\n",
       "  </thead>\n",
       "  <tbody>\n",
       "    <tr>\n",
       "      <th>Rank</th>\n",
       "      <td>1.000000</td>\n",
       "      <td>0.264081</td>\n",
       "      <td>-0.021954</td>\n",
       "      <td>0.315938</td>\n",
       "      <td>0.236891</td>\n",
       "      <td>0.188582</td>\n",
       "      <td>0.178669</td>\n",
       "      <td>0.755412</td>\n",
       "      <td>-0.378502</td>\n",
       "      <td>-0.795123</td>\n",
       "      <td>-0.806714</td>\n",
       "      <td>0.177275</td>\n",
       "    </tr>\n",
       "    <tr>\n",
       "      <th>Total</th>\n",
       "      <td>0.264081</td>\n",
       "      <td>1.000000</td>\n",
       "      <td>0.584993</td>\n",
       "      <td>0.796273</td>\n",
       "      <td>0.780877</td>\n",
       "      <td>0.802589</td>\n",
       "      <td>0.691934</td>\n",
       "      <td>0.100757</td>\n",
       "      <td>-0.239424</td>\n",
       "      <td>-0.280153</td>\n",
       "      <td>-0.299606</td>\n",
       "      <td>0.391733</td>\n",
       "    </tr>\n",
       "    <tr>\n",
       "      <th>Rules</th>\n",
       "      <td>-0.021954</td>\n",
       "      <td>0.584993</td>\n",
       "      <td>1.000000</td>\n",
       "      <td>0.411125</td>\n",
       "      <td>0.432868</td>\n",
       "      <td>0.276690</td>\n",
       "      <td>0.243391</td>\n",
       "      <td>-0.239042</td>\n",
       "      <td>-0.305932</td>\n",
       "      <td>-0.034507</td>\n",
       "      <td>-0.044611</td>\n",
       "      <td>0.122194</td>\n",
       "    </tr>\n",
       "    <tr>\n",
       "      <th>Fouls</th>\n",
       "      <td>0.315938</td>\n",
       "      <td>0.796273</td>\n",
       "      <td>0.411125</td>\n",
       "      <td>1.000000</td>\n",
       "      <td>0.526796</td>\n",
       "      <td>0.559166</td>\n",
       "      <td>0.359489</td>\n",
       "      <td>0.103112</td>\n",
       "      <td>-0.311061</td>\n",
       "      <td>-0.235729</td>\n",
       "      <td>-0.249183</td>\n",
       "      <td>0.276903</td>\n",
       "    </tr>\n",
       "    <tr>\n",
       "      <th>Fair</th>\n",
       "      <td>0.236891</td>\n",
       "      <td>0.780877</td>\n",
       "      <td>0.432868</td>\n",
       "      <td>0.526796</td>\n",
       "      <td>1.000000</td>\n",
       "      <td>0.504144</td>\n",
       "      <td>0.399113</td>\n",
       "      <td>0.154713</td>\n",
       "      <td>-0.123902</td>\n",
       "      <td>-0.227471</td>\n",
       "      <td>-0.245630</td>\n",
       "      <td>0.406989</td>\n",
       "    </tr>\n",
       "    <tr>\n",
       "      <th>Attitude</th>\n",
       "      <td>0.188582</td>\n",
       "      <td>0.802589</td>\n",
       "      <td>0.276690</td>\n",
       "      <td>0.559166</td>\n",
       "      <td>0.504144</td>\n",
       "      <td>1.000000</td>\n",
       "      <td>0.514537</td>\n",
       "      <td>0.096051</td>\n",
       "      <td>-0.136932</td>\n",
       "      <td>-0.250630</td>\n",
       "      <td>-0.258809</td>\n",
       "      <td>0.394080</td>\n",
       "    </tr>\n",
       "    <tr>\n",
       "      <th>Comm.</th>\n",
       "      <td>0.178669</td>\n",
       "      <td>0.691934</td>\n",
       "      <td>0.243391</td>\n",
       "      <td>0.359489</td>\n",
       "      <td>0.399113</td>\n",
       "      <td>0.514537</td>\n",
       "      <td>1.000000</td>\n",
       "      <td>0.152138</td>\n",
       "      <td>-0.043373</td>\n",
       "      <td>-0.230339</td>\n",
       "      <td>-0.252441</td>\n",
       "      <td>0.195758</td>\n",
       "    </tr>\n",
       "    <tr>\n",
       "      <th>Seed</th>\n",
       "      <td>0.755412</td>\n",
       "      <td>0.100757</td>\n",
       "      <td>-0.239042</td>\n",
       "      <td>0.103112</td>\n",
       "      <td>0.154713</td>\n",
       "      <td>0.096051</td>\n",
